1000 500
500
0 111
4 238
9 479
10 343
14 256
15 364
19 351
24 286
26 359
27 362
28 331
31 273
33 167
39 81
40 397
41 167
42 80
43 146
44 452
46 84
47 400
51 439
54 466
55 112
56 35
60 383
61 489
64 189
65 491
66 223
72 5
73 442
74 171
75 8
76 411
77 133
78 234
79 186
82 59
84 379
86 188
87 332
89 72
91 228
94 480
95 259
97 93
107 283
108 57
109 390
112 422
113 356
115 78
116 370
117 7
118 146
119 207
120 245
123 367
126 255
127 352
128 258
129 15
130 8
134 441
136 280
138 369
139 103
140 288
141 126
142 90
143 128
147 305
151 309
152 214
156 170
158 335
162 457
165 31
166 126
167 316
168 56
169 313
170 134
171 429
174 367
176 424
177 439
178 191
180 230
182 316
183 344
185 311
187 173
188 453
189 413
190 332
191 28
192 68
193 163
194 427
195 369
197 417
198 230
199 22
200 198
202 453
203 17
207 29
208 126
209 445
210 249
211 385
212 443
213 261
214 200
215 239
216 212
219 399
220 168
221 267
222 375
223 439
226 232
227 462
228 429
229 239
230 293
231 367
232 214
234 435
235 4
236 96
237 171
239 358
240 244
241 480
243 416
245 365
247 351
248 327
250 324
251 267
252 280
253 403
260 316
261 434
262 177
264 186
266 102
267 434
271 340
272 165
275 49
276 288
277 293
278 406
279 347
280 180
281 328
283 284
284 308
285 31
287 187
288 449
289 460
291 94
294 173
296 106
297 428
299 193
300 365
301 467
302 235
304 236
305 6
308 128
309 15
310 43
311 153
313 322
314 21
315 242
317 37
318 371
319 164
321 152
322 129
323 127
326 347
327 147
328 93
333 179
334 142
335 16
336 99
337 307
339 408
341 120
343 476
344 239
345 263
346 9
350 56
354 353
357 287
358 347
359 200
360 92
362 431
363 92
364 287
366 467
367 84
368 354
369 27
370 181
371 63
373 49
374 405
375 346
377 289
378 446
381 487
382 325
383 16
384 329
385 140
392 278
393 225
396 396
397 232
400 290
401 445
404 40
405 441
412 54
413 1
414 397
416 284
418 427
419 4
420 282
425 130
428 410
430 194
433 335
434 93
435 217
437 191
438 462
440 117
441 411
443 172
445 5
446 152
447 142
448 108
449 59
450 67
451 129
452 277
453 453
454 119
455 53
456 244
457 88
459 239
460 72
461 12
463 477
465 137
466 198
467 20
468 457
469 332
471 141
472 473
474 103
478 310
479 202
480 138
481 479
483 460
485 215
487 125
488 168
489 205
490 453
493 333
494 325
495 234
496 272
497 80
498 150
499 30
500 398
504 102
506 116
508 159
511 210
512 476
513 70
518 229
522 235
528 438
532 462
534 58
536 47
537 369
538 486
542 289
544 107
547 278
553 177
554 449
555 277
558 329
560 288
562 435
563 404
564 355
567 375
569 375
573 98
578 337
582 86
583 363
589 248
590 487
592 419
593 316
597 442
598 299
600 256
605 25
606 232
607 324
609 152
610 220
611 303
612 413
613 371
622 474
625 153
626 296
629 425
631 110
632 77
633 9
634 170
636 133
641 154
642 419
643 287
649 38
650 160
654 141
656 11
660 355
662 226
664 376
665 229
668 360
669 345
671 374
672 333
673 390
674 43
677 252
678 24
679 115
682 283
683 159
689 23
693 2
694 356
695 386
698 459
700 134
705 473
709 107
715 439
716 229
717 108
719 123
721 193
723 468
726 427
728 296
732 124
736 391
738 118
739 369
743 405
745 329
747 39
756 187
757 310
760 58
763 350
764 292
765 111
769 30
771 13
773 343
780 384
784 201
785 295
786 457
789 280
790 336
791 220
798 115
801 100
802 478
803 450
804 6
805 270
806 364
809 269
810 360
811 141
817 370
818 298
819 4
821 203
824 404
829 197
830 181
831 362
832 156
833 284
834 216
835 337
836 53
837 333
838 86
839 12
847 467
850 10
852 473
859 421
860 135
864 406
865 221
871 61
872 342
876 246
878 444
881 437
884 358
888 350
889 75
893 383
894 370
898 141
901 266
906 83
907 268
911 43
914 21
916 248
922 293
923 470
925 401
926 17
927 466
933 455
935 377
936 472
938 234
944 66
945 395
947 132
948 209
950 366
953 477
954 126
956 348
958 106
960 74
961 331
962 71
968 248
969 74
971 232
972 31
974 78
977 264
982 275
983 426
986 300
988 25
989 423
993 164
996 119
997 284
998 400
1000 439
