150 500
100
0 10
1 420
1 495
2 402
4 376
7 112
8 360
8 390
9 41
10 322
14 84
14 370
14 471
15 246
15 422
18 252
19 290
20 147
20 475
21 118
21 409
21 488
24 396
27 390
30 19
32 278
33 34
34 141
34 239
36 409
37 307
38 405
41 405
43 419
44 204
44 473
52 6
53 21
53 206
54 175
54 307
55 8
56 169
61 322
61 370
61 457
62 125
62 472
64 34
64 391
64 407
65 203
65 203
67 65
70 132
71 399
72 50
73 364
74 177
75 13
75 490
77 53
81 117
81 358
81 424
82 78
82 116
82 380
86 147
86 199
87 164
89 144
89 202
89 270
89 432
89 466
94 203
95 14
95 381
96 330
100 28
102 183
104 412
104 471
104 475
105 90
106 294
107 326
108 427
109 448
110 478
112 72
117 444
120 8
122 347
125 17
127 166
129 285
137 321
140 260